   8.4637600e+00  -4.8214700e+00  -6.3984300e-02
   9.0644100e+00  -3.4499900e+00   2.9706400e+00
   7.6419800e+00  -1.9027500e+00   6.4028500e+00
   5.2191400e+00  -0.0000000e+00   8.1954000e+00
   2.4857800e+00   1.7262800e+00   8.5563700e+00
   1.0518400e+01  -1.5967900e+00   5.1577100e-01
   9.9090000e+00  -0.0000000e+00   4.0391800e+00
   7.6419800e+00   1.9027500e+00   6.4028500e+00
   4.8875300e+00   3.4491000e+00   7.2278200e+00
   1.0205600e+01  -0.0000000e+00  -1.6181700e+00
   1.0518400e+01   1.5967900e+00   5.1577100e-01
   9.0644100e+00   3.4499900e+00   2.9706400e+00
   6.6996900e+00   4.7733600e+00   4.5723600e+00
   8.4637600e+00   4.8214700e+00  -6.3984300e-02
   6.1384700e+00   6.0839300e+00   1.5727300e+00
   3.7014800e+00   6.3032000e+00   4.2271900e+00
   1.3027200e+00   5.2874000e+00   6.6500600e+00
  -1.4957100e+00   2.8923900e+00   8.1811800e+00
   4.7666900e+00   6.4964400e+00  -1.9182000e+00
   2.5991200e+00   7.2573400e+00   9.0344400e-01
   2.8748100e-01   7.3433600e+00   3.1967400e+00
  -2.4276900e+00   5.9412100e+00   5.9794800e+00
   2.3474300e+00   6.7032100e+00  -5.1916800e+00
  -1.1850100e+00   7.6462600e+00   2.7122900e-01
  -2.8950200e+00   7.2452100e+00   2.6880400e+00
  -3.2423000e+00   7.0635300e+00  -2.7083800e+00
  -4.6190000e+00   6.7853900e+00  -2.3447100e-01
  -5.7578100e+00   5.9816600e+00   2.9746200e+00
  -5.8737800e+00   3.3831000e+00   6.2565500e+00
  -4.0527100e+00  -4.9631383e-16   8.1393700e+00
  -6.0713500e+00   5.6413900e+00  -3.5143000e+00
  -7.6792500e+00   4.8808300e+00  -3.5220800e-01
  -8.1226100e+00   3.1676900e+00   3.1363500e+00
  -7.1483400e+00  -8.7541917e-16   5.8750900e+00
  -6.6942200e+00   4.2734800e+00  -6.3551200e+00
  -8.5913100e+00   3.0819500e+00  -3.5324800e+00
  -9.4293500e+00   1.7997300e+00  -2.5667600e-01
  -8.9968400e+00  -1.1017951e-15   2.5648200e+00
  -9.1241300e+00  -1.1173837e-15  -3.8783500e+00
  -9.4293500e+00  -1.7997300e+00  -2.5667600e-01
  -8.1226100e+00  -3.1676900e+00   3.1363500e+00
  -5.8737800e+00  -3.3831000e+00   6.2565500e+00
  -1.4957100e+00  -2.8923900e+00   8.1811800e+00
  -8.5913100e+00  -3.0819500e+00  -3.5324800e+00
  -7.6792500e+00  -4.8808300e+00  -3.5220800e-01
  -5.7578100e+00  -5.9816600e+00   2.9746200e+00
  -2.4276900e+00  -5.9412100e+00   5.9794800e+00
  -6.0713500e+00  -5.6413900e+00  -3.5143000e+00
  -4.6190000e+00  -6.7853900e+00  -2.3447100e-01
  -2.8950200e+00  -7.2452100e+00   2.6880400e+00
  -3.2423000e+00  -7.0635300e+00  -2.7083800e+00
  -1.1850100e+00  -7.6462600e+00   2.7122900e-01
   2.8748100e-01  -7.3433600e+00   3.1967400e+00
   1.3027200e+00  -5.2874000e+00   6.6500600e+00
   2.4857800e+00  -1.7262800e+00   8.5563700e+00
   2.5991200e+00  -7.2573400e+00   9.0344400e-01
   3.7014800e+00  -6.3032000e+00   4.2271900e+00
   4.8875300e+00  -3.4491000e+00   7.2278200e+00
   2.3474300e+00  -6.7032100e+00  -5.1916800e+00
   4.7666900e+00  -6.4964400e+00  -1.9182000e+00
   6.1384700e+00  -6.0839300e+00   1.5727300e+00
   6.6996900e+00  -4.7733600e+00   4.5723600e+00
   7.9017500e+00  -3.8231500e+00  -7.0607300e+00
   7.9017500e+00   3.8231500e+00  -7.0607300e+00
   5.4758979e-16   0.0000000e+00   8.9428200e+00
