   5.5208632e+00  -5.7876776e+00  -2.5774686e+00
   6.7090976e+00  -5.2918047e+00   3.0743490e-01
   7.6342405e+00  -3.8641224e+00   3.0677701e+00
   7.1457085e+00  -2.8688376e+00   4.9895646e+00
   5.6866214e+00  -1.4793405e+00   6.8128782e+00
   3.8067702e+00  -0.0000000e+00   7.8913050e+00
   1.5588644e+00   1.2238003e+00   8.4404391e+00
   7.9988174e+00  -4.2219015e+00  -1.3547897e+00
   8.8848203e+00  -2.6954056e+00   1.0883081e+00
   8.7088391e+00  -1.8308823e+00   3.1870912e+00
   7.9626470e+00  -0.0000000e+00   5.0447180e+00
   5.6866214e+00   1.4793405e+00   6.8128782e+00
   3.2543072e+00   2.4358708e+00   7.6087662e+00
   9.4790163e+00  -1.2704477e+00  -9.4718331e-01
   9.0874409e+00  -0.0000000e+00   1.3333450e+00
   9.0764908e+00  -0.0000000e+00   3.1054385e+00
   9.2711397e+00  -0.0000000e+00  -2.2115164e+00
   8.7088391e+00   1.8308823e+00   3.1870912e+00
   7.1457085e+00   2.8688376e+00   4.9895646e+00
   5.1216490e+00   3.8257971e+00   5.9428449e+00
   9.4790163e+00   1.2704477e+00  -9.4718331e-01
   8.8848203e+00   2.6954056e+00   1.0883081e+00
   7.6342405e+00   3.8641224e+00   3.0677701e+00
   6.0211600e+00   4.4593872e+00   4.3653215e+00
   7.9988174e+00   4.2219015e+00  -1.3547897e+00
   6.7090976e+00   5.2918047e+00   3.0743490e-01
   5.4533843e+00   5.6825480e+00   2.8365654e+00
   4.1578478e+00   5.5466704e+00   4.6276157e+00
   2.6978321e+00   4.7621968e+00   6.2976630e+00
   9.6041102e-01   3.6954910e+00   7.6278281e+00
  -6.8438188e-01   1.9551878e+00   8.5648585e+00
   5.5208632e+00   5.7876776e+00  -2.5774686e+00
   4.1272489e+00   6.3990872e+00  -3.5685224e-01
   2.9684221e+00   6.8239597e+00   2.4300804e+00
   1.4900277e+00   6.4144699e+00   4.7417945e+00
   2.8494865e-01   5.4791302e+00   6.3833278e+00
  -1.5190499e+00   3.9099026e+00   7.7641349e+00
   3.6115432e+00   6.5507329e+00  -3.3531559e+00
   8.5009625e-01   7.1916201e+00  -8.8293690e-01
   3.2151584e-02   7.3919193e+00   2.1436346e+00
  -8.0095397e-01   6.9050517e+00   4.6000565e+00
  -2.3389843e+00   5.9560551e+00   6.0036135e+00
   2.4172994e+00   6.5189951e+00  -5.2536371e+00
   1.2784894e+00   6.8407177e+00  -3.5553823e+00
  -1.8662380e+00   7.3046251e+00  -6.2918201e-01
  -2.2985741e+00   7.3125179e+00   2.3852988e+00
  -3.0118195e+00   6.7373138e+00   4.1783902e+00
   2.2269780e+00   5.9345841e+00  -7.9343607e+00
   4.1663451e-01   6.2981273e+00  -6.0691564e+00
  -4.0235120e+00   6.7824807e+00  -2.3219109e-01
  -4.6670360e+00   6.5580300e+00   2.7499896e+00
  -4.4948217e+00   5.8312415e+00   4.9553477e+00
  -4.0370201e+00   4.1935189e+00   6.9829200e+00
  -3.4148356e+00   2.2707521e+00   8.2045566e+00
  -2.1383435e+00  -2.6187155e-16   8.7918759e+00
  -2.4581389e+00   6.1749694e+00  -5.6373810e+00
  -3.7395542e+00   6.5804383e+00  -2.9910844e+00
  -5.7557822e+00   6.0347468e+00   5.1843011e-02
  -6.4378330e+00   5.2045018e+00   2.9844443e+00
  -6.0615614e+00   4.1169295e+00   5.3657573e+00
  -5.4810574e+00   2.3449149e+00   7.0577486e+00
  -6.6766940e+00  -8.1765920e-16   6.4652083e+00
  -4.3022402e+00   5.3332662e+00  -5.6135098e+00
  -5.8703027e+00   5.4040914e+00  -2.8916400e+00
  -7.2805524e+00   4.6453023e+00   1.3013970e-01
  -7.6654877e+00   3.6082932e+00   3.1299316e+00
  -7.3544174e+00   1.8446444e+00   5.2240017e+00
  -6.4010144e+00   3.7849839e+00  -5.2600407e+00
  -7.6030108e+00   3.5288480e+00  -2.8180379e+00
  -8.6079668e+00   2.7388380e+00   2.3936822e-01
  -8.4374870e+00   1.4049674e+00   3.2772849e+00
  -7.8298968e+00  -9.5888581e-16   4.6876222e+00
  -7.4971979e+00   1.9296522e+00  -5.1367776e+00
  -8.4552086e+00   1.1257312e+00  -2.6328323e+00
  -8.9966865e+00  -1.1017763e-15   4.8795205e-01
  -8.4374870e+00  -1.4049674e+00   3.2772849e+00
  -7.3544174e+00  -1.8446444e+00   5.2240017e+00
  -5.4810574e+00  -2.3449149e+00   7.0577486e+00
  -3.4148356e+00  -2.2707521e+00   8.2045566e+00
  -6.8438188e-01  -1.9551878e+00   8.5648585e+00
  -7.8589190e+00  -9.6243999e-16  -4.9453875e+00
  -8.4552086e+00  -1.1257312e+00  -2.6328323e+00
  -8.6079668e+00  -2.7388380e+00   2.3936822e-01
  -7.6654877e+00  -3.6082932e+00   3.1299316e+00
  -6.0615614e+00  -4.1169295e+00   5.3657573e+00
  -4.0370201e+00  -4.1935189e+00   6.9829200e+00
  -1.5190499e+00  -3.9099026e+00   7.7641349e+00
  -7.4971979e+00  -1.9296522e+00  -5.1367776e+00
  -7.6030108e+00  -3.5288480e+00  -2.8180379e+00
  -7.2805524e+00  -4.6453023e+00   1.3013970e-01
  -6.4378330e+00  -5.2045018e+00   2.9844443e+00
  -4.4948217e+00  -5.8312415e+00   4.9553477e+00
  -2.3389843e+00  -5.9560551e+00   6.0036135e+00
  -6.4010144e+00  -3.7849839e+00  -5.2600407e+00
  -5.8703027e+00  -5.4040914e+00  -2.8916400e+00
  -5.7557822e+00  -6.0347468e+00   5.1843011e-02
  -4.6670360e+00  -6.5580300e+00   2.7499896e+00
  -3.0118195e+00  -6.7373138e+00   4.1783902e+00
  -4.3022402e+00  -5.3332662e+00  -5.6135098e+00
  -3.7395542e+00  -6.5804383e+00  -2.9910844e+00
  -4.0235120e+00  -6.7824807e+00  -2.3219109e-01
  -2.2985741e+00  -7.3125179e+00   2.3852988e+00
  -8.0095397e-01  -6.9050517e+00   4.6000565e+00
   2.8494865e-01  -5.4791302e+00   6.3833278e+00
   9.6041102e-01  -3.6954910e+00   7.6278281e+00
   1.5588644e+00  -1.2238003e+00   8.4404391e+00
  -2.4581389e+00  -6.1749694e+00  -5.6373810e+00
  -1.8662380e+00  -7.3046251e+00  -6.2918201e-01
   3.2151584e-02  -7.3919193e+00   2.1436346e+00
   1.4900277e+00  -6.4144699e+00   4.7417945e+00
   2.6978321e+00  -4.7621968e+00   6.2976630e+00
   3.2543072e+00  -2.4358708e+00   7.6087662e+00
   4.1663451e-01  -6.2981273e+00  -6.0691564e+00
   1.2784894e+00  -6.8407177e+00  -3.5553823e+00
   8.5009625e-01  -7.1916201e+00  -8.8293690e-01
   2.9684221e+00  -6.8239597e+00   2.4300804e+00
   4.1578478e+00  -5.5466704e+00   4.6276157e+00
   5.1216490e+00  -3.8257971e+00   5.9428449e+00
   2.2269780e+00  -5.9345841e+00  -7.9343607e+00
   2.4172994e+00  -6.5189951e+00  -5.2536371e+00
   3.6115432e+00  -6.5507329e+00  -3.3531559e+00
   4.1272489e+00  -6.3990872e+00  -3.5685224e-01
   5.4533843e+00  -5.6825480e+00   2.8365654e+00
   6.0211600e+00  -4.4593872e+00   4.3653215e+00
   4.5238701e+00  -6.1184581e+00  -4.4091744e+00
   6.6492049e+00  -3.7435049e+00  -6.5302431e+00
   6.6492049e+00   3.7435049e+00  -6.5302431e+00
   4.5238701e+00   6.1184581e+00  -4.4091744e+00
   5.4491803e-16   0.0000000e+00   8.8991868e+00
