   9.5106000e-01   3.0902000e-01   0.0000000e+00
   9.5106000e-01  -3.0902000e-01   0.0000000e+00
   6.7303000e-01   5.4501000e-01   5.0000000e-01
   6.7303000e-01  -5.4501000e-01   5.0000000e-01
   0.0000000e+00   7.0711000e-01   7.0711000e-01
   0.0000000e+00  -7.0711000e-01   7.0711000e-01
  -6.7303000e-01   5.4501000e-01   5.0000000e-01
  -6.7303000e-01  -5.4501000e-01   5.0000000e-01
  -9.5106000e-01   3.0902000e-01   0.0000000e+00
  -9.5106000e-01  -3.0902000e-01   0.0000000e+00
   5.8779000e-01   8.0902000e-01   0.0000000e+00
   5.8779000e-01  -8.0902000e-01   0.0000000e+00
   0.0000000e+00   1.0000000e+00   0.0000000e+00
   0.0000000e+00  -1.0000000e+00   0.0000000e+00
  -5.8779000e-01   8.0902000e-01   0.0000000e+00
  -5.8779000e-01  -8.0902000e-01   0.0000000e+00
   7.0711000e-01  -0.0000000e+00   7.0711000e-01
   0.0000000e+00  -0.0000000e+00   1.0000000e+00
  -7.0711000e-01  -0.0000000e+00   7.0711000e-01
   3.7049000e-01   3.5778000e-01   8.5717000e-01
   3.7049000e-01  -3.5778000e-01   8.5717000e-01
  -3.7049000e-01   3.5778000e-01   8.5717000e-01
  -3.7049000e-01  -3.5778000e-01   8.5717000e-01
   3.3457000e-01   8.7157000e-01   3.5837000e-01
   3.3457000e-01  -8.7157000e-01   3.5837000e-01
  -3.3457000e-01   8.7157000e-01   3.5837000e-01
  -3.3457000e-01  -8.7157000e-01   3.5837000e-01
   2.8445000e-01   8.7545000e-01  -3.9073000e-01
   2.8445000e-01  -8.7545000e-01  -3.9073000e-01
  -2.8445000e-01   8.7545000e-01  -3.9073000e-01
  -2.8445000e-01  -8.7545000e-01  -3.9073000e-01
   6.9975000e-01   2.8272000e-01   6.5606000e-01
   6.9975000e-01  -2.8272000e-01   6.5606000e-01
   0.0000000e+00   3.9073000e-01   9.2050000e-01
   0.0000000e+00  -3.9073000e-01   9.2050000e-01
  -6.9975000e-01   2.8272000e-01   6.5606000e-01
  -6.9975000e-01  -2.8272000e-01   6.5606000e-01
   8.9127000e-01   3.6009000e-01   2.7564000e-01
   8.9127000e-01  -3.6009000e-01   2.7564000e-01
   3.6589000e-01   6.6008000e-01   6.5606000e-01
   3.6589000e-01  -6.6008000e-01   6.5606000e-01
  -3.6589000e-01   6.6008000e-01   6.5606000e-01
  -3.6589000e-01  -6.6008000e-01   6.5606000e-01
  -8.9127000e-01   3.6009000e-01   2.7564000e-01
  -8.9127000e-01  -3.6009000e-01   2.7564000e-01
   6.3064000e-01   7.2547000e-01   2.7564000e-01
   6.3064000e-01  -7.2547000e-01   2.7564000e-01
   0.0000000e+00   9.2718000e-01   3.7461000e-01
   0.0000000e+00  -9.2718000e-01   3.7461000e-01
  -6.3064000e-01   7.2547000e-01   2.7564000e-01
  -6.3064000e-01  -7.2547000e-01   2.7564000e-01
   8.0902000e-01   5.8779000e-01   0.0000000e+00
   8.0902000e-01  -5.8779000e-01   0.0000000e+00
   3.0902000e-01   9.5106000e-01   0.0000000e+00
   3.0902000e-01  -9.5106000e-01   0.0000000e+00
  -3.0902000e-01   9.5106000e-01   0.0000000e+00
  -3.0902000e-01  -9.5106000e-01   0.0000000e+00
  -8.0902000e-01   5.8779000e-01   0.0000000e+00
  -8.0902000e-01  -5.8779000e-01   0.0000000e+00
   1.0000000e+00  -0.0000000e+00   0.0000000e+00
  -3.7461000e-01  -0.0000000e+00   9.2718000e-01
  -9.2050000e-01  -0.0000000e+00   3.9073000e-01
  -1.0000000e+00  -0.0000000e+00   0.0000000e+00
