  -8.0784000e+01  -2.6133000e+01  -4.0011000e+00
  -8.0784000e+01   2.6133000e+01  -4.0011000e+00
  -8.4981000e+01  -0.0000000e+00  -1.7860000e+00
  -6.0738000e+01  -0.0000000e+00   5.9463000e+01
  -5.7584000e+01  -4.8143000e+01   3.9892000e+01
  -3.0955000e+01  -5.9275000e+01   5.2471000e+01
  -4.9927000e+01  -6.8384000e+01  -7.4851000e+00
   0.0000000e+00  -6.3167000e+01   5.6876000e+01
  -2.6285000e+01  -8.0385000e+01  -8.5057000e+00
   0.0000000e+00  -8.4539000e+01  -8.8451000e+00
  -4.9871000e+01   6.8423000e+01  -7.4895000e+00
  -5.7551000e+01   4.8200000e+01   3.9870000e+01
  -3.0955000e+01   5.9275000e+01   5.2471000e+01
   0.0000000e+00  -0.0000000e+00   8.5000000e+01
   3.0955000e+01  -5.9275000e+01   5.2471000e+01
   2.6208000e+01  -8.0410000e+01  -8.5086000e+00
  -2.6208000e+01   8.0410000e+01  -8.5086000e+00
   0.0000000e+00   6.3171000e+01   5.6872000e+01
   6.0738000e+01  -0.0000000e+00   5.9463000e+01
   5.7584000e+01  -4.8143000e+01   3.9892000e+01
   4.9927000e+01  -6.8384000e+01  -7.4851000e+00
   0.0000000e+00   8.4539000e+01  -8.8451000e+00
   2.6208000e+01   8.0410000e+01  -8.5086000e+00
   3.0955000e+01   5.9275000e+01   5.2471000e+01
   5.7551000e+01   4.8200000e+01   3.9870000e+01
   8.0784000e+01  -2.6133000e+01  -4.0011000e+00
   4.9871000e+01   6.8423000e+01  -7.4895000e+00
   8.0784000e+01   2.6133000e+01  -4.0011000e+00
  -7.2804000e+01   4.2952000e+01   8.9307000e+00
  -7.6153000e+01   3.1483000e+01   2.0847000e+01
  -5.9913000e+01   2.6042000e+01   5.4381000e+01
  -7.9026000e+01  -0.0000000e+00   3.1304000e+01
  -5.9874000e+01  -2.6025000e+01   5.4431000e+01
  -7.6153000e+01  -3.1483000e+01   2.0847000e+01
  -3.2436000e+01  -3.2351000e+01   7.1598000e+01
  -5.4026000e+01  -6.3045000e+01   1.8208000e+01
  -7.2804000e+01  -4.2952000e+01   8.9307000e+00
  -2.8763000e+01  -7.6247000e+01   2.4167000e+01
   0.0000000e+00  -8.0832000e+01   2.6292000e+01
  -6.8721000e+01  -4.9669000e+01  -5.9530000e+00
  -6.8691000e+01   4.9709000e+01  -5.9589000e+00
  -5.4038000e+01   6.3058000e+01   1.8126000e+01
  -2.8763000e+01   7.6247000e+01   2.4167000e+01
  -3.2436000e+01   3.2351000e+01   7.1598000e+01
   0.0000000e+00   3.4537000e+01   7.7667000e+01
   0.0000000e+00  -3.4609000e+01   7.7635000e+01
   3.2436000e+01  -3.2351000e+01   7.1598000e+01
   2.8763000e+01  -7.6247000e+01   2.4167000e+01
   0.0000000e+00   8.0832000e+01   2.6292000e+01
   3.2436000e+01   3.2351000e+01   7.1598000e+01
   5.9874000e+01  -2.6025000e+01   5.4431000e+01
   5.4026000e+01  -6.3045000e+01   1.8208000e+01
   2.8763000e+01   7.6247000e+01   2.4167000e+01
   5.9913000e+01   2.6042000e+01   5.4381000e+01
   7.6153000e+01  -3.1483000e+01   2.0847000e+01
   6.8721000e+01  -4.9669000e+01  -5.9530000e+00
   5.4038000e+01   6.3058000e+01   1.8126000e+01
   6.8691000e+01   4.9709000e+01  -5.9589000e+00
   7.6153000e+01   3.1483000e+01   2.0847000e+01
   8.4981000e+01  -0.0000000e+00  -1.7860000e+00
