  6.6068800e+000  6.3023000e+000 -2.9422900e+000
  6.0408200e+000  7.6587200e+000  3.5095000e-001
  4.4110600e+000  8.7148100e+000  3.5019900e+000
  3.2749000e+000  8.1571300e+000  5.6958000e+000
  1.6887300e+000  6.4915200e+000  7.7771900e+000
  0.0000000e+000  4.3455900e+000  9.0082600e+000
 -1.3970200e+000  1.7795100e+000  9.6351200e+000
  4.8194800e+000  9.1309900e+000 -1.5465500e+000
  3.0769200e+000  1.0142400e+001  1.2423500e+000
  2.0900300e+000  9.9415100e+000  3.6382000e+000
  0.0000000e+000  9.0897000e+000  5.7587600e+000
 -1.6887300e+000  6.4915200e+000  7.7771900e+000
 -2.7806500e+000  3.7149300e+000  8.6857300e+000
  1.4502700e+000  1.0820700e+001 -1.0812500e+000
  0.0000000e+000  1.0373700e+001  1.5220700e+000
  0.0000000e+000  1.0361200e+001  3.5449900e+000
  0.0000000e+000  1.0583400e+001 -2.5245400e+000
 -2.0900300e+000  9.9415100e+000  3.6382000e+000
 -3.2749000e+000  8.1571300e+000  5.6958000e+000
 -4.3673100e+000  5.8465800e+000  6.7840100e+000
 -1.4502700e+000  1.0820700e+001 -1.0812500e+000
 -3.0769200e+000  1.0142400e+001  1.2423500e+000
 -4.4110600e+000  8.7148100e+000  3.5019900e+000
 -5.0905800e+000  6.8734100e+000  4.9832000e+000
 -4.8194800e+000  9.1309900e+000 -1.5465500e+000
 -6.0408200e+000  7.6587200e+000  3.5095000e-001
 -6.4868700e+000  6.2252700e+000  3.2380600e+000
 -6.3317600e+000  4.7463600e+000  5.2826200e+000
 -5.4362500e+000  3.0796900e+000  7.1890500e+000
 -4.2185600e+000  1.0963500e+000  8.7074900e+000
 -2.2319300e+000 -7.8125100e-001  9.7771500e+000
 -6.6068800e+000  6.3023000e+000 -2.9422900e+000
 -7.3048300e+000  4.7114300e+000 -4.0736200e-001
 -7.7898400e+000  3.3885800e+000  2.7740400e+000
 -7.3223900e+000  1.7009300e+000  5.4129600e+000
 -6.2546600e+000  3.2528100e-001  7.2868400e+000
 -4.4633200e+000 -1.7340600e+000  8.8630900e+000
 -7.4779400e+000  4.1227300e+000 -3.8277700e+000
 -8.2095400e+000  9.7042100e-001 -1.0079100e+000
 -8.4381900e+000  3.6702000e-002  2.4470500e+000
 -7.8824100e+000 -9.1432300e-001  5.2511600e+000
 -6.7990900e+000 -2.6700500e+000  6.8533800e+000
 -7.4417100e+000  2.7594500e+000 -5.9972500e+000
 -7.8089700e+000  1.4594500e+000 -4.0586200e+000
 -8.3385400e+000 -2.1303900e+000 -7.1823800e-001
 -8.3475500e+000 -2.6239200e+000  2.7229200e+000
 -7.6909300e+000 -3.4381200e+000  4.7698100e+000
 -6.7745800e+000  2.5421900e+000 -9.0574100e+000
 -7.1895800e+000  4.7560600e-001 -6.9282000e+000
 -7.7424900e+000 -4.5930100e+000 -2.6505600e-001
 -7.4862700e+000 -5.3276200e+000  3.1392300e+000
 -6.6566100e+000 -5.1310300e+000  5.6567400e+000
 -4.7870800e+000 -4.6084300e+000  7.9713000e+000
 -2.5921600e+000 -3.8981800e+000  9.3658500e+000
  0.0000000e+000 -2.4410100e+000  1.0036300e+001
 -7.0489900e+000 -2.8060700e+000 -6.4353100e+000
 -7.5118500e+000 -4.2688600e+000 -3.4144500e+000
 -6.8889200e+000 -6.5704700e+000  5.9181000e-002
 -5.9411600e+000 -7.3490600e+000  3.4068700e+000
 -4.6996500e+000 -6.9195300e+000  6.1252400e+000
 -2.6768200e+000 -6.2568600e+000  8.0567200e+000
  0.0000000e+000 -4.9827100e+000  9.2808500e+000
 -6.0881500e+000 -4.9111900e+000 -6.4080600e+000
 -6.1690000e+000 -6.7012000e+000 -3.3009300e+000
 -5.3028100e+000 -8.3110600e+000  1.4856000e-001
 -4.1190200e+000 -8.7504800e+000  3.5729500e+000
 -2.1057400e+000 -8.3953800e+000  5.9634200e+000
 -4.3207200e+000 -7.3070300e+000 -6.0045600e+000
 -4.0283300e+000 -8.6791600e+000 -3.2169100e+000
 -3.1265000e+000 -9.8263600e+000  2.7324900e-001
 -1.6038300e+000 -9.6317500e+000  3.7411600e+000
  0.0000000e+000 -8.9381600e+000  5.3511200e+000
 -2.2027800e+000 -8.5583700e+000 -5.8638500e+000
 -1.2850700e+000 -9.6519800e+000 -3.0054900e+000
  0.0000000e+000 -1.0270100e+001  5.5701800e-001
  1.6038300e+000 -9.6317500e+000  3.7411600e+000
  2.1057400e+000 -8.3953800e+000  5.9634200e+000
  2.6768200e+000 -6.2568600e+000  8.0567200e+000
  2.5921600e+000 -3.8981800e+000  9.3658500e+000
  2.2319300e+000 -7.8125100e-001  9.7771500e+000
  0.0000000e+000 -8.9712900e+000 -5.6453700e+000
  1.2850700e+000 -9.6519800e+000 -3.0054900e+000
  3.1265000e+000 -9.8263600e+000  2.7324900e-001
  4.1190200e+000 -8.7504800e+000  3.5729500e+000
  4.6996500e+000 -6.9195300e+000  6.1252400e+000
  4.7870800e+000 -4.6084300e+000  7.9713000e+000
  4.4633200e+000 -1.7340600e+000  8.8630900e+000
  2.2027800e+000 -8.5583700e+000 -5.8638500e+000
  4.0283300e+000 -8.6791600e+000 -3.2169100e+000
  5.3028100e+000 -8.3110600e+000  1.4856000e-001
  5.9411600e+000 -7.3490600e+000  3.4068700e+000
  6.6566100e+000 -5.1310300e+000  5.6567400e+000
  6.7990900e+000 -2.6700500e+000  6.8533800e+000
  4.3207200e+000 -7.3070300e+000 -6.0045600e+000
  6.1690000e+000 -6.7012000e+000 -3.3009300e+000
  6.8889200e+000 -6.5704700e+000  5.9181000e-002
  7.4862700e+000 -5.3276200e+000  3.1392300e+000
  7.6909300e+000 -3.4381200e+000  4.7698100e+000
  6.0881500e+000 -4.9111900e+000 -6.4080600e+000
  7.5118500e+000 -4.2688600e+000 -3.4144500e+000
  7.7424900e+000 -4.5930100e+000 -2.6505600e-001
  8.3475500e+000 -2.6239200e+000  2.7229200e+000
  7.8824100e+000 -9.1432300e-001  5.2511600e+000
  6.2546600e+000  3.2528100e-001  7.2868400e+000
  4.2185600e+000  1.0963500e+000  8.7074900e+000
  1.3970200e+000  1.7795100e+000  9.6351200e+000
  7.0489900e+000 -2.8060700e+000 -6.4353100e+000
  8.3385400e+000 -2.1303900e+000 -7.1823800e-001
  8.4381900e+000  3.6702000e-002  2.4470500e+000
  7.3223900e+000  1.7009300e+000  5.4129600e+000
  5.4362500e+000  3.0796900e+000  7.1890500e+000
  2.7806500e+000  3.7149300e+000  8.6857300e+000
  7.1895800e+000  4.7560600e-001 -6.9282000e+000
  7.8089700e+000  1.4594500e+000 -4.0586200e+000
  8.2095400e+000  9.7042100e-001 -1.0079100e+000
  7.7898400e+000  3.3885800e+000  2.7740400e+000
  6.3317600e+000  4.7463600e+000  5.2826200e+000
  4.3673100e+000  5.8465800e+000  6.7840100e+000
  6.7745800e+000  2.5421900e+000 -9.0574100e+000
  7.4417100e+000  2.7594500e+000 -5.9972500e+000
  7.4779400e+000  4.1227300e+000 -3.8277700e+000
  7.3048300e+000  4.7114300e+000 -4.0736200e-001
  6.4868700e+000  6.2252700e+000  3.2380600e+000
  5.0905800e+000  6.8734100e+000  4.9832000e+000
  6.9844800e+000  5.1641900e+000 -5.0332600e+000
  4.2733700e+000  7.5903500e+000 -7.4545500e+000
 -4.2733700e+000  7.5903500e+000 -7.4545500e+000
 -6.9844800e+000  5.1641900e+000 -5.0332600e+000
  0.0000000e+000  0.0000000e+000  1.0158800e+001